    unsorted:	 18279.89917 18829.13535 16317.06148 24025.78256 27442.93384 8419.677444 37498.60726 4.404175220 -5884.520809 51185.51871 58602.95024 67999.05141 73798.50320 -16386.36092 114422.7345 151612.6346 224032.8146 296066.2881 322816.0984 -229411.8062 -629573.4819 -1023901.803 1368754.380 -1257434.168 1761154.673 2011695.102 -1596266.766 2366278.952 2520964.044 2693092.828 2913678.073 -1988191.548 -2434674.607 3638956.585 3995757.447 -2855018.349 -3236915.879 4648812.644 -3598278.983 5074162.669 5451657.630 -4257807.450 -4824828.814 -4894143.868 6167301.467 6616946.676 6855049.484 -5214965.272 7305005.869 8061750.957 8712901.226 9469247.796 9699152.306 9799418.924 10138703.34 10665867.02 10642562.62 10541481.28 10928159.36 11266553.66 -6702775.952 -6885671.997 12209339.48 12636006.25 12918936.90 -8216915.612 14225476.06 -9260389.794 15358017.69 -13058143.94 -31173850.32 43160976.07 57617999.31 81624385.34 92957196.35 89142361.66 -64003649.73 157781578.2 197910630.2 218967943.4 242561124.2 268964601.5 274960163.8 283581698.0 328777298.6 397302114.9 417516302.8 454977597.3 460800729.2 -207919219.7 531184130.6 538225248.4 560647530.6 589115357.5 642830577.1 673103571.4 880564805.3 913140539.7 963221980.6 1127824577. 1164456940. 2127227024. -2384487906. 6485665731. -1.664020490e+010 -2.876053412e+010 2.523556980e+011 -1.218573878e+012 1.896152158e+012 -1.604406051e+018 2.011837656e+018
      sorted:	 -1.604406051e+018 -1.218573878e+012 -2.876053412e+010 -1.664020490e+010 -2384487906. -207919219.7 -64003649.73 -31173850.32 -13058143.94 -9260389.794 -8216915.612 -6885671.997 -6702775.952 -5214965.272 -4894143.868 -4824828.814 -4257807.450 -3598278.983 -3236915.879 -2855018.349 -2434674.607 -1988191.548 -1596266.766 -1257434.168 -1023901.803 -629573.4819 -229411.8062 -16386.36092 -5884.520809 4.404175220 8419.677444 16317.06148 18279.89917 18829.13535 24025.78256 27442.93384 37498.60726 51185.51871 58602.95024 67999.05141 73798.50320 114422.7345 151612.6346 224032.8146 296066.2881 322816.0984 1368754.380 1761154.673 2011695.102 2366278.952 2520964.044 2693092.828 2913678.073 3638956.585 3995757.447 4648812.644 5074162.669 5451657.630 6167301.467 6616946.676 6855049.484 7305005.869 8061750.957 8712901.226 9469247.796 9699152.306 9799418.924 10138703.34 10541481.28 10642562.62 10665867.02 10928159.36 11266553.66 12209339.48 12636006.25 12918936.90 14225476.06 15358017.69 43160976.07 57617999.31 81624385.34 89142361.66 92957196.35 157781578.2 197910630.2 218967943.4 242561124.2 268964601.5 274960163.8 283581698.0 328777298.6 397302114.9 417516302.8 454977597.3 460800729.2 531184130.6 538225248.4 560647530.6 589115357.5 642830577.1 673103571.4 880564805.3 913140539.7 963221980.6 1127824577. 1164456940. 2127227024. 6485665731. 2.523556980e+011 1.896152158e+012 2.011837656e+018
