    unsorted:	 -2150.682207 13739.73847 -45692.33044 161228.3547 239917.6850 383680.3302 753284.5644 -665545.2435 1450331.311 -1303116.602 -1543987.482 3161645.710 3625111.121 4103224.648 -3623264.083 -4436718.561 -5939868.855 6417939.909 -6718312.134 -7149407.922 -8376488.831 -9020513.426 -9493381.924 8733564.192 9393572.184 10543297.05 10955390.75 -11305008.20 13197490.90 12708941.26 -13193522.99 -13943288.62 -14779474.10 -15558817.63 15432009.64 15740626.07 -16199783.81 19386234.14 19812784.91 21569073.95 22185705.00 23876475.16 23758462.33 25481416.44 -19815623.27 30254058.73 31073169.23 -23409227.23 34654018.13 -26759293.75 42787674.46 49460233.93 52458145.64 -40984229.98 -80066229.71 100232204.9 137128879.3 145368483.4 158808909.3 165654126.1 -123325064.8 187410835.8 188589084.1 216780475.5 307944366.2 333173032.9 352169575.8 368975564.4 -305313808.7 -336094055.6 506447061.9 568186217.2 682326093.3 -505400336.4 750755658.4 788963291.6 828950686.6 905121400.9 939532048.8 956036731.5 999575706.7 1022090266. 1164335678. 1439004271. 1554530120. -1310020090. 1846357175. -1917954287. 2383821484. -3831188331. 4153051014. -5457831801. -6281782872. 7264160016. -9308245603. 2.482124286e+010 -3.311233807e+010 -8.342535755e+010 -9.122085975e+010 -1.487082959e+011 1.740068830e+011 -2.552087104e+011 -3.699860963e+011 -3.296155681e+011 -3.883988867e+011 3.032289481e+011 -5.700331647e+011 5.368322057e+011 -1.649112415e+012 -1.090787996e+019 1.167988430e+019
      sorted:	 -1.090787996e+019 -1.649112415e+012 -5.700331647e+011 -3.883988867e+011 -3.699860963e+011 -3.296155681e+011 -2.552087104e+011 -1.487082959e+011 -9.122085975e+010 -8.342535755e+010 -3.311233807e+010 -9308245603. -6281782872. -5457831801. -3831188331. -1917954287. -1310020090. -505400336.4 -336094055.6 -305313808.7 -123325064.8 -80066229.71 -40984229.98 -26759293.75 -23409227.23 -19815623.27 -16199783.81 -15558817.63 -14779474.10 -13943288.62 -13193522.99 -11305008.20 -9493381.924 -9020513.426 -8376488.831 -7149407.922 -6718312.134 -5939868.855 -4436718.561 -3623264.083 -1543987.482 -1303116.602 -665545.2435 -45692.33044 -2150.682207 13739.73847 161228.3547 239917.6850 383680.3302 753284.5644 1450331.311 3161645.710 3625111.121 4103224.648 6417939.909 8733564.192 9393572.184 10543297.05 10955390.75 12708941.26 13197490.90 15432009.64 15740626.07 19386234.14 19812784.91 21569073.95 22185705.00 23758462.33 23876475.16 25481416.44 30254058.73 31073169.23 34654018.13 42787674.46 49460233.93 52458145.64 100232204.9 137128879.3 145368483.4 158808909.3 165654126.1 187410835.8 188589084.1 216780475.5 307944366.2 333173032.9 352169575.8 368975564.4 506447061.9 568186217.2 682326093.3 750755658.4 788963291.6 828950686.6 905121400.9 939532048.8 956036731.5 999575706.7 1022090266. 1164335678. 1439004271. 1554530120. 1846357175. 2383821484. 4153051014. 7264160016. 2.482124286e+010 1.740068830e+011 3.032289481e+011 5.368322057e+011 1.167988430e+019
