    unsorted:	 1002.314878 950.7455085 1031.861625 1076.747739 1102.507162 883.7807876 1185.485206 804.8166501 759.7996127 719.6856446 688.7682151 623.3368072 1272.280757 565.3611413 560.4634157 1361.361567 1455.918570 497.9887113 1516.313557 1546.601732 1587.549333 1636.341700 442.2603967 1720.757021 1753.267274 1811.971104 372.4776859 350.9159757 1974.464388 2162.034197 2226.925468 2288.488788 2436.378399 151.8762004 2541.082930 2737.962524 2767.993627 2935.751966 3019.524990 3109.040909 3157.790011 -110.0883164 3505.038911 3818.679272 4193.843237 4618.347426 5405.670942 5982.800951 6164.745696 6772.750328 7705.811819 7956.058130 8668.189297 9296.080014 9835.516938 9927.010199 11373.38512 12421.91788 12945.34560 14755.72545 14564.53521 17120.84337 17835.41244 18541.68529 19353.37465 20604.01688 21791.39140 -16833.87522 27239.75211 33813.33308 42128.56269 44283.16771 78489.40855 88183.57480 -85668.52982 116044.8521 -136862.8178 297285.3389 -328855.2629 392359.2309 -634054.2146 1461152.785 1876512.056 -2385315.728 -5500038.555 -7831524.280 14061871.32 -30021935.42 74453095.96 -114781085.6 168377865.0 185736019.7 238760983.0 274358210.5 348836235.1 439319516.2 527269321.3 502970976.9 543362445.9 583819597.5 632675192.6 652877339.6 982049592.0 -727685812.0 1090543817. 4277485762. -6333118717. -1.679837118e+011 5.990204131e+011 -3.167191628e+017 5.023849357e+017
      sorted:	 -3.167191628e+017 -1.679837118e+011 -6333118717. -727685812.0 -114781085.6 -30021935.42 -7831524.280 -5500038.555 -2385315.728 -634054.2146 -328855.2629 -136862.8178 -85668.52982 -16833.87522 -110.0883164 151.8762004 350.9159757 372.4776859 442.2603967 497.9887113 560.4634157 565.3611413 623.3368072 688.7682151 719.6856446 759.7996127 804.8166501 883.7807876 950.7455085 1002.314878 1031.861625 1076.747739 1102.507162 1185.485206 1272.280757 1361.361567 1455.918570 1516.313557 1546.601732 1587.549333 1636.341700 1720.757021 1753.267274 1811.971104 1974.464388 2162.034197 2226.925468 2288.488788 2436.378399 2541.082930 2737.962524 2767.993627 2935.751966 3019.524990 3109.040909 3157.790011 3505.038911 3818.679272 4193.843237 4618.347426 5405.670942 5982.800951 6164.745696 6772.750328 7705.811819 7956.058130 8668.189297 9296.080014 9835.516938 9927.010199 11373.38512 12421.91788 12945.34560 14564.53521 14755.72545 17120.84337 17835.41244 18541.68529 19353.37465 20604.01688 21791.39140 27239.75211 33813.33308 42128.56269 44283.16771 78489.40855 88183.57480 116044.8521 297285.3389 392359.2309 1461152.785 1876512.056 14061871.32 74453095.96 168377865.0 185736019.7 238760983.0 274358210.5 348836235.1 439319516.2 502970976.9 527269321.3 543362445.9 583819597.5 632675192.6 652877339.6 982049592.0 1090543817. 4277485762. 5.990204131e+011 5.023849357e+017
