    unsorted:	 109576.8087 94876.19841 68226.50621 182895.6464 247660.9975 1453.544481 331675.7879 -210076.2040 606037.7558 776704.3829 858500.8464 -864620.3340 -1017803.183 -1233674.621 -1391827.225 -2020099.037 1865463.506 2370345.676 -2477426.232 -2723341.754 2952946.784 -3687941.266 -4652017.281 -4729756.229 -5188622.330 4128036.347 4401048.650 -5754108.393 -6323304.270 -6798323.718 5942606.902 -7573204.690 6749128.805 8217544.349 8365682.320 -8854197.714 -9729305.076 9900673.116 11040183.87 11618507.88 11961737.51 -10404705.75 13082939.86 13489116.13 13967161.57 14584564.58 -13312525.41 16849926.56 -14440800.53 -15276612.32 -16651677.54 19103630.48 21597721.99 22248940.73 23466963.07 28188050.80 -25522970.92 34653264.14 41411511.13 -44552768.12 51265491.59 -49027807.36 71167414.99 -67735443.85 99333685.78 108417697.6 -102856533.7 132876286.7 141021501.6 157746202.9 191758822.0 207013733.3 273488490.8 292615019.7 -336092013.3 431547345.0 479236307.6 486557181.1 564112730.1 602016673.0 703594726.1 728888426.3 770239627.2 812136374.8 899607035.2 912785796.4 -864877523.0 1078141701. -993877689.5 1241176542. -1143023707. -1517166770. -1877350738. 1944563568. 3240368556. 3361221447. -3569334957. 4570878411. -8643995602. -1.197979685e+010 2.629857568e+010 -6.446910404e+010 -1.090794768e+011 -2.212651878e+011 2.366757794e+011 -2.743434204e+011 3.833492491e+011 5.886595378e+011 -1.487967348e+012 -6.691799656e+018 7.207817296e+018
      sorted:	 -6.691799656e+018 -1.487967348e+012 -2.743434204e+011 -2.212651878e+011 -1.090794768e+011 -6.446910404e+010 -1.197979685e+010 -8643995602. -3569334957. -1877350738. -1517166770. -1143023707. -993877689.5 -864877523.0 -336092013.3 -102856533.7 -67735443.85 -49027807.36 -44552768.12 -25522970.92 -16651677.54 -15276612.32 -14440800.53 -13312525.41 -10404705.75 -9729305.076 -8854197.714 -7573204.690 -6798323.718 -6323304.270 -5754108.393 -5188622.330 -4729756.229 -4652017.281 -3687941.266 -2723341.754 -2477426.232 -2020099.037 -1391827.225 -1233674.621 -1017803.183 -864620.3340 -210076.2040 1453.544481 68226.50621 94876.19841 109576.8087 182895.6464 247660.9975 331675.7879 606037.7558 776704.3829 858500.8464 1865463.506 2370345.676 2952946.784 4128036.347 4401048.650 5942606.902 6749128.805 8217544.349 8365682.320 9900673.116 11040183.87 11618507.88 11961737.51 13082939.86 13489116.13 13967161.57 14584564.58 16849926.56 19103630.48 21597721.99 22248940.73 23466963.07 28188050.80 34653264.14 41411511.13 51265491.59 71167414.99 99333685.78 108417697.6 132876286.7 141021501.6 157746202.9 191758822.0 207013733.3 273488490.8 292615019.7 431547345.0 479236307.6 486557181.1 564112730.1 602016673.0 703594726.1 728888426.3 770239627.2 812136374.8 899607035.2 912785796.4 1078141701. 1241176542. 1944563568. 3240368556. 3361221447. 4570878411. 2.629857568e+010 2.366757794e+011 3.833492491e+011 5.886595378e+011 7.207817296e+018
