    unsorted:	 218743.1370 95381.96183 1219.379269 -172837.4466 -290522.7051 483471.1724 773436.5714 976787.8715 -614989.0105 1371162.114 1794294.845 2124162.262 2562688.565 2682750.834 -1269248.121 -1708882.377 -2041707.471 -2363859.418 3643666.872 4080548.288 4680412.695 4859779.568 5568903.359 -3383955.756 6377290.211 6824601.371 7555963.838 7866051.396 8560155.141 -4139862.856 -4638955.795 8942285.327 9460547.111 -5978017.502 -6320985.091 -6917937.342 -7151434.741 9946134.680 10435967.82 -8453972.829 -8962911.065 13804168.08 -13144002.30 -13299881.31 17395866.19 19917181.83 23071743.17 24552994.74 -27865719.88 52705524.30 70639024.01 79863462.82 89038938.41 98267303.04 138149564.7 151619577.9 167814746.6 -146897313.0 220066637.8 291879551.0 325897445.3 334370284.0 427712075.5 -323336844.4 485492167.3 549997673.0 609158522.7 669745411.8 681383585.6 754886569.2 873884238.5 989576468.6 1080870831. 1186382301. 1289181754. -1016315412. 1508961027. 1556240339. -1497387193. 1897384200. 2329559880. 2529841766. 2717661731. -2186563954. 3244680680. 5546782369. -6471905607. 1.369555768e+010 -1.551582515e+010 -5.695177473e+010 -1.266281325e+011 -1.389396975e+011 1.112892898e+011 -2.585069122e+011 -3.087690783e+011 -3.747651377e+011 -4.069710444e+011 -4.350894519e+011 -4.626625488e+011 -4.817694410e+011 3.109852243e+011 -6.107131052e+011 -7.267538249e+011 -7.872392837e+011 4.935587582e+011 -9.150322085e+011 7.638824198e+011 -1.330437881e+012 -1.587397016e+012 -2.538528030e+019 2.664679906e+019
      sorted:	 -2.538528030e+019 -1.587397016e+012 -1.330437881e+012 -9.150322085e+011 -7.872392837e+011 -7.267538249e+011 -6.107131052e+011 -4.817694410e+011 -4.626625488e+011 -4.350894519e+011 -4.069710444e+011 -3.747651377e+011 -3.087690783e+011 -2.585069122e+011 -1.389396975e+011 -1.266281325e+011 -5.695177473e+010 -1.551582515e+010 -6471905607. -2186563954. -1497387193. -1016315412. -323336844.4 -146897313.0 -27865719.88 -13299881.31 -13144002.30 -8962911.065 -8453972.829 -7151434.741 -6917937.342 -6320985.091 -5978017.502 -4638955.795 -4139862.856 -3383955.756 -2363859.418 -2041707.471 -1708882.377 -1269248.121 -614989.0105 -290522.7051 -172837.4466 1219.379269 95381.96183 218743.1370 483471.1724 773436.5714 976787.8715 1371162.114 1794294.845 2124162.262 2562688.565 2682750.834 3643666.872 4080548.288 4680412.695 4859779.568 5568903.359 6377290.211 6824601.371 7555963.838 7866051.396 8560155.141 8942285.327 9460547.111 9946134.680 10435967.82 13804168.08 17395866.19 19917181.83 23071743.17 24552994.74 52705524.30 70639024.01 79863462.82 89038938.41 98267303.04 138149564.7 151619577.9 167814746.6 220066637.8 291879551.0 325897445.3 334370284.0 427712075.5 485492167.3 549997673.0 609158522.7 669745411.8 681383585.6 754886569.2 873884238.5 989576468.6 1080870831. 1186382301. 1289181754. 1508961027. 1556240339. 1897384200. 2329559880. 2529841766. 2717661731. 3244680680. 5546782369. 1.369555768e+010 1.112892898e+011 3.109852243e+011 4.935587582e+011 7.638824198e+011 2.664679906e+019
