    unsorted:	 149202.9753 158830.1108 162347.8967 114589.4242 207869.6294 89887.86314 47854.54948 970.6099001 -28966.83003 451857.7365 497090.1556 591582.9572 742706.4787 -436538.0565 -498367.3219 1023791.915 -950114.8879 1347210.547 -1128678.639 -1260903.217 -1443059.882 1826215.668 2109426.780 2689327.930 2636237.388 3048891.872 3215618.674 3457152.795 3621296.962 -2115412.358 -2192248.233 3822583.664 -2578316.798 -2788899.454 -3061254.713 4186836.842 4406822.062 -3266046.847 4734516.325 -3890230.930 -4394448.399 5993611.388 -5794748.289 7374337.347 8527653.340 -7671159.246 14048179.59 16276773.46 19255979.59 -17278426.76 25939871.61 28672949.32 35312957.49 39172004.94 43794953.79 51993437.13 55520201.71 56697340.55 58398557.27 61120916.89 63154156.42 67946544.75 68906245.92 84526622.78 94245588.10 -69855082.56 133428569.2 -119278670.9 167127811.4 173302215.1 208366487.8 227275890.0 264578892.6 278355438.7 284749681.0 -212545587.3 -268503547.0 -261556019.7 345261112.3 -305984569.5 386850720.9 394373914.6 -352157615.9 458122694.2 500526786.7 504358437.3 563916571.6 573789701.9 -451628670.2 652175141.1 844924381.5 1246303314. 1208035748. 1290819400. 1376255166. 1624334915. 1683108662. -1415664815. 1844975714. 1989672716. 2317658601. -3338835811. 4997480352. -2.140731749e+010 1.658490126e+011 1.810070311e+011 -1.494507657e+011 5.345316671e+011 -7.984630910e+011 -2.643425765e+018 2.964165443e+018
      sorted:	 -2.643425765e+018 -7.984630910e+011 -1.494507657e+011 -2.140731749e+010 -3338835811. -1415664815. -451628670.2 -352157615.9 -305984569.5 -268503547.0 -261556019.7 -212545587.3 -119278670.9 -69855082.56 -17278426.76 -7671159.246 -5794748.289 -4394448.399 -3890230.930 -3266046.847 -3061254.713 -2788899.454 -2578316.798 -2192248.233 -2115412.358 -1443059.882 -1260903.217 -1128678.639 -950114.8879 -498367.3219 -436538.0565 -28966.83003 970.6099001 47854.54948 89887.86314 114589.4242 149202.9753 158830.1108 162347.8967 207869.6294 451857.7365 497090.1556 591582.9572 742706.4787 1023791.915 1347210.547 1826215.668 2109426.780 2636237.388 2689327.930 3048891.872 3215618.674 3457152.795 3621296.962 3822583.664 4186836.842 4406822.062 4734516.325 5993611.388 7374337.347 8527653.340 14048179.59 16276773.46 19255979.59 25939871.61 28672949.32 35312957.49 39172004.94 43794953.79 51993437.13 55520201.71 56697340.55 58398557.27 61120916.89 63154156.42 67946544.75 68906245.92 84526622.78 94245588.10 133428569.2 167127811.4 173302215.1 208366487.8 227275890.0 264578892.6 278355438.7 284749681.0 345261112.3 386850720.9 394373914.6 458122694.2 500526786.7 504358437.3 563916571.6 573789701.9 652175141.1 844924381.5 1208035748. 1246303314. 1290819400. 1376255166. 1624334915. 1683108662. 1844975714. 1989672716. 2317658601. 4997480352. 1.658490126e+011 1.810070311e+011 5.345316671e+011 2.964165443e+018
