    unsorted:	 1402.694144 1425.030937 1459.418200 1323.514854 1548.012099 1160.043915 1075.496814 1072.448729 1104.160293 1016.155952 974.2267163 1729.393435 846.8619376 1870.292240 1947.392897 2071.008145 2168.776785 2177.638383 746.5315949 2314.201500 2399.503506 693.2108147 2463.524371 2680.308092 567.1841758 481.9921575 469.7577603 410.4781383 2829.564729 2903.571655 2950.285055 3094.637873 3209.123499 300.8220909 3359.749892 3486.937474 3767.927182 3799.336448 152.0179443 4013.501523 4265.644733 4345.383808 4517.308216 4578.316395 4560.180945 4722.549749 4790.823645 4917.202535 4940.785825 5048.745514 5208.477290 5296.225217 -484.4950072 5640.226488 5699.939544 6397.792239 6540.429894 7131.913296 8008.145413 8256.039225 9161.296596 10093.87434 10803.00758 11850.27984 -11061.45064 18678.87652 20502.20439 28064.90383 53838.16635 62200.18054 -67847.44644 75960.43271 122594.9291 164817.7652 -266586.8044 336206.8764 497217.4194 804100.0576 -994894.3401 -1643352.018 2621026.874 -4001852.325 -5760068.410 16629981.95 -15332153.72 27252637.47 38449217.38 -40638025.23 67379504.94 -54224724.25 83777123.70 88957150.71 156685837.3 196938733.1 264008431.2 297813131.8 306253379.1 329448706.6 347267917.8 374389725.4 387163530.0 456121324.3 -295880834.4 539841940.9 1075741725. 2421469578. -6133474216. -1.777820070e+011 4.592059936e+011 -3.574875759e+017 4.941155811e+017
      sorted:	 -3.574875759e+017 -1.777820070e+011 -6133474216. -295880834.4 -54224724.25 -40638025.23 -15332153.72 -5760068.410 -4001852.325 -1643352.018 -994894.3401 -266586.8044 -67847.44644 -11061.45064 -484.4950072 152.0179443 300.8220909 410.4781383 469.7577603 481.9921575 567.1841758 693.2108147 746.5315949 846.8619376 974.2267163 1016.155952 1072.448729 1075.496814 1104.160293 1160.043915 1323.514854 1402.694144 1425.030937 1459.418200 1548.012099 1729.393435 1870.292240 1947.392897 2071.008145 2168.776785 2177.638383 2314.201500 2399.503506 2463.524371 2680.308092 2829.564729 2903.571655 2950.285055 3094.637873 3209.123499 3359.749892 3486.937474 3767.927182 3799.336448 4013.501523 4265.644733 4345.383808 4517.308216 4560.180945 4578.316395 4722.549749 4790.823645 4917.202535 4940.785825 5048.745514 5208.477290 5296.225217 5640.226488 5699.939544 6397.792239 6540.429894 7131.913296 8008.145413 8256.039225 9161.296596 10093.87434 10803.00758 11850.27984 18678.87652 20502.20439 28064.90383 53838.16635 62200.18054 75960.43271 122594.9291 164817.7652 336206.8764 497217.4194 804100.0576 2621026.874 16629981.95 27252637.47 38449217.38 67379504.94 83777123.70 88957150.71 156685837.3 196938733.1 264008431.2 297813131.8 306253379.1 329448706.6 347267917.8 374389725.4 387163530.0 456121324.3 539841940.9 1075741725. 2421469578. 4.592059936e+011 4.941155811e+017
