    unsorted:	 30291.42189 21292.49366 5762.000931 -366.2988737 84628.91645 245362.9663 358474.2353 -475630.7142 -407605.1219 -531045.9799 -612528.4414 -708747.9429 520404.2281 598722.0454 -1082060.679 -1102834.905 -1845642.123 -2142421.828 -2349738.459 2112049.419 1899353.824 2466731.415 2890008.092 -3137396.183 3703297.097 -3678841.534 4047372.950 -4486275.390 4646025.400 -5133825.045 -5743012.788 5488830.411 6344805.703 6835687.399 7058486.777 -6938289.561 -7020730.974 8202108.397 -8013140.446 -8288228.317 9900868.462 11319249.39 -10977160.00 13200837.16 -12603908.79 -17534544.38 -21824091.10 24123867.57 45240807.62 55997370.83 58111002.43 71461602.12 75201077.18 84470199.91 90949810.72 100205991.8 106333600.0 110920694.1 116683119.1 130033975.5 135257391.6 182810848.3 -119988878.7 201773921.6 221958588.0 244158100.2 248640624.4 287665269.9 381922831.8 422173040.5 -303323752.5 465864455.2 492742376.5 595420091.4 -433234756.9 668761692.7 659899418.9 811947234.8 861304774.3 875595005.2 910935264.5 1039954235. -800625318.3 1108869851. -1039945301. 1327628331. 1349713819. -1347831569. -1411413244. -1880191585. 2178815575. 2603285464. 3039266452. -3706524945. 4251140642. -5675783664. -7187879627. -8455934629. 3.710696420e+010 -1.105384934e+011 -2.027841496e+011 -1.867516987e+011 -2.217260571e+011 -2.495307728e+011 2.168045423e+011 -3.732399117e+011 3.450730906e+011 7.269028881e+011 -2.142144896e+012 -7.180758779e+018 7.869643401e+018
      sorted:	 -7.180758779e+018 -2.142144896e+012 -3.732399117e+011 -2.495307728e+011 -2.217260571e+011 -2.027841496e+011 -1.867516987e+011 -1.105384934e+011 -8455934629. -7187879627. -5675783664. -3706524945. -1880191585. -1411413244. -1347831569. -1039945301. -800625318.3 -433234756.9 -303323752.5 -119988878.7 -21824091.10 -17534544.38 -12603908.79 -10977160.00 -8288228.317 -8013140.446 -7020730.974 -6938289.561 -5743012.788 -5133825.045 -4486275.390 -3678841.534 -3137396.183 -2349738.459 -2142421.828 -1845642.123 -1102834.905 -1082060.679 -708747.9429 -612528.4414 -531045.9799 -475630.7142 -407605.1219 -366.2988737 5762.000931 21292.49366 30291.42189 84628.91645 245362.9663 358474.2353 520404.2281 598722.0454 1899353.824 2112049.419 2466731.415 2890008.092 3703297.097 4047372.950 4646025.400 5488830.411 6344805.703 6835687.399 7058486.777 8202108.397 9900868.462 11319249.39 13200837.16 24123867.57 45240807.62 55997370.83 58111002.43 71461602.12 75201077.18 84470199.91 90949810.72 100205991.8 106333600.0 110920694.1 116683119.1 130033975.5 135257391.6 182810848.3 201773921.6 221958588.0 244158100.2 248640624.4 287665269.9 381922831.8 422173040.5 465864455.2 492742376.5 595420091.4 659899418.9 668761692.7 811947234.8 861304774.3 875595005.2 910935264.5 1039954235. 1108869851. 1327628331. 1349713819. 2178815575. 2603285464. 3039266452. 4251140642. 3.710696420e+010 2.168045423e+011 3.450730906e+011 7.269028881e+011 7.869643401e+018
