    unsorted:	 8906.398690 9241.231551 9945.312174 11394.12342 13366.61193 17070.40870 20322.41264 26456.52792 -173.7580500 -4113.900052 31852.22754 38356.57651 47190.77507 85731.17933 93583.39661 -72498.26017 137217.4170 -106195.0490 171115.8447 228847.3075 -202828.1413 -271488.1727 342175.3650 474354.0876 -480038.2398 -581525.9229 711786.5326 764544.0611 -736801.9001 -804849.6329 -887376.2184 -1013458.727 -1027655.555 -1063126.844 -1131053.884 -1178647.206 -1234274.980 1033772.893 993355.5309 1127184.381 1278774.718 1396183.648 1445863.398 1498854.678 1592562.313 1621490.558 1717027.754 1726989.392 1773733.593 -1487009.167 -1526457.093 -1562604.626 1991392.621 2049109.850 2228920.490 -1861078.058 -1963605.985 -2015472.559 3038592.402 3497649.994 -4152430.443 -5685441.601 8024087.861 9013611.782 -9116747.783 10976533.07 12882691.81 14825594.60 -14072397.56 16835470.01 18703884.37 23622269.44 26135769.18 28603777.84 30247167.83 -43179889.46 50378817.45 -59600918.25 124547250.5 -113993510.5 144493574.5 177692016.7 285593850.6 392555150.7 450456740.8 476110945.9 524927457.1 534180647.7 614700452.4 606278028.0 780683522.6 800656861.3 920782499.5 953310287.4 974833139.0 1135874395. 1274309327. 1331558502. 1550048705. 1724121118. 1796063608. -1492660477. 2024002373. -4465010577. 7787790862. -5.882916334e+010 2.334942192e+011 5.059499878e+011 -6.352046926e+011 -1.255338050e+018 1.528597720e+018
      sorted:	 -1.255338050e+018 -6.352046926e+011 -5.882916334e+010 -4465010577. -1492660477. -113993510.5 -59600918.25 -43179889.46 -14072397.56 -9116747.783 -5685441.601 -4152430.443 -2015472.559 -1963605.985 -1861078.058 -1562604.626 -1526457.093 -1487009.167 -1234274.980 -1178647.206 -1131053.884 -1063126.844 -1027655.555 -1013458.727 -887376.2184 -804849.6329 -736801.9001 -581525.9229 -480038.2398 -271488.1727 -202828.1413 -106195.0490 -72498.26017 -4113.900052 -173.7580500 8906.398690 9241.231551 9945.312174 11394.12342 13366.61193 17070.40870 20322.41264 26456.52792 31852.22754 38356.57651 47190.77507 85731.17933 93583.39661 137217.4170 171115.8447 228847.3075 342175.3650 474354.0876 711786.5326 764544.0611 993355.5309 1033772.893 1127184.381 1278774.718 1396183.648 1445863.398 1498854.678 1592562.313 1621490.558 1717027.754 1726989.392 1773733.593 1991392.621 2049109.850 2228920.490 3038592.402 3497649.994 8024087.861 9013611.782 10976533.07 12882691.81 14825594.60 16835470.01 18703884.37 23622269.44 26135769.18 28603777.84 30247167.83 50378817.45 124547250.5 144493574.5 177692016.7 285593850.6 392555150.7 450456740.8 476110945.9 524927457.1 534180647.7 606278028.0 614700452.4 780683522.6 800656861.3 920782499.5 953310287.4 974833139.0 1135874395. 1274309327. 1331558502. 1550048705. 1724121118. 1796063608. 2024002373. 7787790862. 2.334942192e+011 5.059499878e+011 1.528597720e+018
