    unsorted:	 3516.464352 2488.952213 4885.688573 5989.578350 6298.835450 7061.608706 7658.495676 8105.722464 1186.241361 426.7991718 679.8981683 34.08430641 -750.7643339 -1243.734237 11074.68886 11531.79460 13447.72997 14012.36783 15800.11066 15239.85915 16535.54679 -3167.608295 -3973.153621 -4830.071998 19591.22117 20707.96806 22281.99884 23092.28059 24889.67131 -6845.209697 27212.52909 -7705.036709 29017.12795 30038.13316 31979.60020 31617.62940 32953.71169 34143.94887 33866.22819 35542.99958 36335.50610 37092.19127 37559.37947 -9371.001415 40711.40658 41615.89353 -11171.58491 43950.85677 43798.90607 44566.63475 44753.02833 46532.01260 47391.65486 48145.63075 -13623.95555 49526.31405 -15878.08157 51759.35709 -17969.09367 55505.09907 -23638.33741 66058.84169 -45213.69871 84026.21174 -55390.35044 105686.0141 -111847.7505 -194297.2846 315412.6960 -453741.1590 -869807.0804 -1343961.568 -2285105.735 3301224.901 -3645041.922 8166210.050 8944764.978 17818590.05 -25229892.31 62370951.64 -62367841.17 137020967.5 -110833876.0 260142122.5 315293736.5 379196789.5 474748217.3 521713128.9 548478125.6 613031534.5 633845797.1 729557964.7 -373052631.1 791675261.4 889141454.1 1004358429. 1073164797. 1109312563. 1212253157. 1281970611. 1559235283. 1952894620. 2084814146. -2074681605. 2979695590. -4.347774722e+010 1.193909991e+011 -2.778187346e+011 2.902839032e+011 -5.846963901e+017 7.749767070e+017
      sorted:	 -5.846963901e+017 -2.778187346e+011 -4.347774722e+010 -2074681605. -373052631.1 -110833876.0 -62367841.17 -25229892.31 -3645041.922 -2285105.735 -1343961.568 -869807.0804 -453741.1590 -194297.2846 -111847.7505 -55390.35044 -45213.69871 -23638.33741 -17969.09367 -15878.08157 -13623.95555 -11171.58491 -9371.001415 -7705.036709 -6845.209697 -4830.071998 -3973.153621 -3167.608295 -1243.734237 -750.7643339 34.08430641 426.7991718 679.8981683 1186.241361 2488.952213 3516.464352 4885.688573 5989.578350 6298.835450 7061.608706 7658.495676 8105.722464 11074.68886 11531.79460 13447.72997 14012.36783 15239.85915 15800.11066 16535.54679 19591.22117 20707.96806 22281.99884 23092.28059 24889.67131 27212.52909 29017.12795 30038.13316 31617.62940 31979.60020 32953.71169 33866.22819 34143.94887 35542.99958 36335.50610 37092.19127 37559.37947 40711.40658 41615.89353 43798.90607 43950.85677 44566.63475 44753.02833 46532.01260 47391.65486 48145.63075 49526.31405 51759.35709 55505.09907 66058.84169 84026.21174 105686.0141 315412.6960 3301224.901 8166210.050 8944764.978 17818590.05 62370951.64 137020967.5 260142122.5 315293736.5 379196789.5 474748217.3 521713128.9 548478125.6 613031534.5 633845797.1 729557964.7 791675261.4 889141454.1 1004358429. 1073164797. 1109312563. 1212253157. 1281970611. 1559235283. 1952894620. 2084814146. 2979695590. 1.193909991e+011 2.902839032e+011 7.749767070e+017
